28 40 22 18 42 9 44 6 24 30 32 29 11 15 2 47 26 0 27 17 20 13 37 8 33 4 1 5 25 16 46 23 21 41 38 43 14 7 39 19 10 34 12 35 31 3 36 45 
44 7 36 28 26 6 9 37 47 29 19 11 41 30 34 0 12 4 16 8 10 14 22 20 2 35 25 32 15 18 1 43 27 23 21 5 38 42 45 13 24 33 39 46 31 40 17 3 
8 21 11 20 23 32 25 13 46 24 12 10 27 43 36 15 7 38 3 16 42 1 45 9 5 40 0 35 39 18 6 28 22 26 44 14 29 19 41 4 37 47 30 17 33 34 31 2 
47 20 0 24 30 25 8 41 27 17 40 33 31 3 42 43 11 13 35 37 36 19 18 23 22 21 26 14 16 5 4 38 44 45 34 1 2 39 46 7 32 10 28 6 12 29 9 15 
37 31 44 19 17 35 21 8 1 16 29 34 3 36 43 20 7 45 42 30 27 41 40 15 13 38 28 26 32 5 11 22 0 46 12 18 39 6 23 24 47 25 14 9 4 33 10 2 
39 11 33 20 18 32 35 29 6 46 47 13 34 21 8 26 36 22 15 7 31 25 42 12 40 44 38 3 2 41 43 30 4 24 10 5 9 16 19 37 45 17 28 14 0 27 1 23 
3 23 15 38 30 13 22 21 4 43 26 29 39 19 0 27 37 46 16 2 7 42 24 5 25 36 33 35 31 34 11 28 20 47 10 41 17 8 44 18 40 45 9 6 1 12 14 32 
46 4 17 9 11 2 29 36 16 30 1 34 8 5 22 18 33 23 37 28 27 12 0 14 39 40 31 45 7 38 19 44 47 13 20 41 24 32 43 42 15 6 10 21 26 25 35 3 
42 22 37 15 34 32 38 23 30 7 26 41 24 3 12 5 16 33 17 45 0 18 4 35 1 46 10 19 11 27 43 28 39 9 36 31 44 25 40 21 2 8 20 29 47 14 6 13 
6 47 19 26 41 11 29 24 0 3 43 45 37 17 27 15 16 35 7 44 39 25 10 20 22 1 28 32 18 12 33 38 42 40 8 5 13 30 2 36 31 34 46 4 9 14 21 23 
