0 7 25 8 28 14 9 5 4 26 10 17 20 3 22 24 23 12 15 19 21 13 2 6 1 16 11 27 18 
26 1 0 17 22 4 8 21 23 16 18 20 5 2 19 28 15 25 13 10 12 14 3 11 6 24 9 7 27 
17 5 21 4 16 7 27 11 1 19 15 6 18 28 8 22 23 14 13 9 10 3 20 0 26 24 12 2 25 
18 15 22 27 12 9 11 24 28 21 6 0 10 20 1 26 23 13 17 14 4 7 8 16 19 2 25 3 5 
6 9 12 0 21 15 7 20 2 23 4 11 24 13 1 27 28 16 25 3 14 26 5 10 8 22 19 18 17 
28 0 7 23 18 3 20 19 12 1 2 11 17 21 15 13 5 22 8 25 4 27 14 9 6 24 26 10 16 
1 14 23 4 10 7 8 12 9 22 28 27 5 16 2 17 0 13 18 21 15 25 26 6 3 11 24 20 19 
3 0 18 10 19 6 26 13 14 23 9 2 8 27 12 7 24 15 20 21 5 1 22 17 28 11 25 4 16 
2 8 15 25 4 3 23 7 18 19 20 9 5 14 16 1 28 26 22 21 13 17 11 27 10 24 0 6 12 
22 13 20 27 11 18 24 1 21 10 5 17 19 25 8 6 9 15 14 7 2 3 28 12 26 23 16 0 4 
