3 29 37 44 43 9 5 19 4 34 17 39 8 33 50 32 22 23 36 25 47 31 7 28 46 6 14 24 15 45 10 18 42 16 41 12 48 35 38 49 30 21 0 20 1 26 27 13 11 51 40 2 
15 16 34 31 36 11 17 14 28 9 40 45 27 48 6 47 37 21 5 24 8 22 4 33 43 35 2 12 13 30 42 46 23 44 0 19 29 51 18 41 50 26 32 1 7 39 25 49 10 38 3 20 
46 10 20 50 43 3 17 34 27 7 1 30 19 16 11 32 36 47 2 9 23 8 21 40 31 28 37 45 5 22 35 13 26 18 51 29 24 42 0 4 39 33 49 38 12 6 25 44 14 15 48 41 
19 36 3 32 24 43 12 21 49 22 35 33 4 29 26 38 1 14 25 11 15 40 18 6 27 5 8 7 0 50 42 37 16 46 23 2 9 41 28 51 10 30 45 31 34 20 44 39 17 48 47 13 
36 21 29 44 39 0 42 26 28 30 27 10 37 15 31 47 5 33 32 24 38 35 40 14 25 1 49 9 41 48 2 6 13 7 11 51 4 17 8 34 22 46 16 45 3 19 23 43 12 50 18 20 
45 25 20 51 14 23 0 44 15 35 47 11 19 46 6 32 12 33 36 34 18 22 4 9 31 16 10 39 48 30 5 26 7 27 2 24 40 50 49 13 28 3 17 1 37 21 41 43 8 42 29 38 
28 34 14 39 47 50 17 40 26 49 42 24 0 10 38 25 12 31 7 23 37 22 19 6 32 33 21 45 48 51 16 2 43 35 46 15 13 41 11 30 4 20 1 27 3 36 18 5 9 29 44 8 
6 18 21 15 24 23 16 14 26 28 17 13 20 22 19 36 47 45 11 39 46 48 40 8 3 38 30 12 1 41 51 7 31 27 4 10 35 42 33 43 32 9 5 25 0 44 34 49 2 50 29 37 
40 1 24 20 37 22 9 18 43 11 21 42 29 46 23 15 36 41 51 16 26 35 10 17 31 30 47 12 13 19 44 34 49 14 27 2 6 0 28 38 33 7 50 4 8 25 3 39 48 5 45 32 
44 15 12 20 18 42 35 38 2 10 27 32 46 30 37 7 8 39 34 25 19 24 40 45 22 43 17 1 47 13 14 49 21 51 4 5 41 3 26 29 11 9 36 48 33 23 0 50 16 31 28 6 
