14 86 85 77 28 24 30 2 25 55 52 9 93 64 42 18 50 81 34 17 57 16 96 51 90 13 40 100 27 38 10 12 48 46 54 45 56 84 29 3 79 22 32 0 80 68 92 26 47 65 37 61 69 59 1 20 33 78 76 36 95 89 7 67 5 11 58 6 83 53 43 41 88 19 15 35 4 70 21 71 91 87 98 99 82 44 73 75 72 8 23 74 94 49 97 60 39 62 31 63 66 
0 100 8 63 27 4 59 29 20 91 78 67 33 73 84 48 64 75 66 82 77 93 1 30 17 81 70 88 54 76 40 15 51 79 72 11 95 45 98 97 86 44 62 60 39 57 32 85 2 26 92 83 18 41 35 13 34 23 56 21 61 65 38 10 89 36 5 7 90 24 99 68 80 12 87 14 71 50 6 31 43 42 55 49 53 52 74 69 58 37 25 47 22 46 19 3 9 96 28 94 16 
34 83 31 81 24 11 90 2 22 61 30 69 25 60 58 19 1 88 41 100 96 36 63 29 55 56 5 62 48 72 85 51 54 28 68 82 52 46 14 92 98 79 20 71 87 4 47 40 15 0 78 93 44 7 66 18 75 53 80 65 13 6 42 12 76 74 73 23 91 9 32 89 43 45 86 70 97 35 8 67 99 3 59 57 26 27 64 94 84 33 38 37 39 77 50 16 10 95 21 17 49 
98 42 70 8 46 39 22 47 52 64 84 13 82 66 85 69 7 75 80 31 87 74 88 19 3 54 99 86 37 63 24 27 65 36 6 77 97 60 33 32 40 59 91 12 14 30 78 94 23 56 61 96 51 72 25 58 71 15 18 34 57 26 67 89 48 9 0 81 2 49 73 10 45 62 35 11 38 41 1 100 4 29 28 55 50 68 53 95 93 92 21 17 43 44 16 79 90 20 5 83 76 
82 90 83 49 41 10 22 11 2 24 27 100 95 26 74 94 67 89 7 46 56 99 33 68 69 12 21 81 63 79 28 98 35 75 55 3 16 80 58 23 92 40 66 8 57 30 84 96 76 6 78 36 71 85 72 4 53 13 50 77 97 73 62 64 87 42 51 45 61 0 32 19 39 52 70 86 14 9 93 5 31 91 20 18 88 34 47 43 54 44 17 60 37 25 48 38 29 65 1 15 59 
28 33 80 35 94 6 91 3 73 93 77 53 99 47 74 43 11 100 81 40 71 2 68 89 64 90 32 65 13 20 45 7 38 44 62 72 67 66 31 24 97 9 48 4 83 22 50 96 21 78 52 75 85 29 12 98 86 26 1 82 5 61 19 56 18 87 55 30 60 23 51 84 25 70 46 95 41 8 17 16 34 57 15 76 14 58 63 88 36 0 10 54 37 92 27 59 42 49 69 39 79 
12 28 15 95 84 76 85 27 97 0 17 37 87 93 53 1 35 25 47 64 10 14 20 98 11 31 41 9 96 56 8 29 89 21 91 16 40 80 92 2 60 100 68 48 63 19 57 7 88 24 39 62 71 99 67 61 44 86 34 77 51 38 33 43 79 3 13 45 70 90 73 26 18 94 55 83 66 23 74 36 49 50 46 22 72 59 54 52 30 65 4 6 82 69 75 81 42 32 58 78 5 
36 84 78 8 90 95 72 48 5 39 29 89 25 97 73 58 79 7 47 44 61 59 82 6 94 3 23 49 63 37 2 88 34 80 21 86 87 93 54 10 43 27 4 98 76 85 62 31 46 66 100 92 71 70 19 57 26 1 96 45 51 32 55 74 77 35 91 52 64 30 28 65 9 56 0 24 68 60 40 67 69 33 17 83 42 14 22 18 75 15 11 16 12 50 53 13 99 38 81 20 41 
73 51 35 84 54 48 34 93 55 15 21 86 76 44 26 8 0 97 81 64 68 45 90 16 88 4 59 91 24 6 60 43 5 96 80 72 27 99 39 28 61 2 71 74 65 25 36 22 52 29 7 58 47 77 30 46 69 82 83 95 20 67 63 37 31 3 33 78 75 89 92 62 57 85 32 79 40 14 66 56 13 87 42 10 17 41 94 11 49 38 12 100 98 9 23 53 1 18 50 19 70 
85 7 86 42 97 84 0 87 59 98 83 76 50 72 37 22 18 44 81 26 35 95 40 21 74 55 10 88 73 1 82 39 77 23 75 58 100 41 28 19 96 65 91 13 78 12 80 92 31 60 17 69 71 52 4 64 33 63 9 66 67 47 89 43 94 57 38 70 11 93 53 29 20 49 79 3 8 46 61 99 36 51 45 68 90 5 62 16 6 34 48 25 32 2 30 24 15 27 56 14 54 
