5 30 28 3 15 36 19 20 23 37 26 21 38 8 14 50 41 11 42 31 45 16 22 46 27 7 32 25 1 24 43 18 12 34 35 49 33 48 10 0 47 6 2 39 13 40 29 44 17 4 9 
41 33 2 10 18 45 31 25 27 3 16 7 38 44 30 26 20 40 13 43 5 35 19 23 50 6 46 36 1 39 49 4 37 28 42 12 11 8 22 47 9 15 0 17 29 34 24 48 32 21 14 
33 12 11 10 27 23 50 42 44 3 35 17 7 13 49 16 40 31 1 32 5 26 19 41 9 43 20 4 8 45 21 48 38 6 24 36 2 46 0 28 25 37 14 30 15 29 18 39 47 22 34 
4 6 36 40 35 44 48 12 14 31 49 41 1 5 10 11 15 43 34 3 46 28 47 42 37 22 21 17 50 33 25 38 19 9 26 45 29 13 30 2 16 0 32 23 20 8 7 39 24 27 18 
48 6 17 10 7 36 12 24 16 43 14 39 40 0 1 34 19 4 27 2 25 33 9 28 20 42 49 30 50 23 13 38 11 29 41 22 47 44 46 26 15 37 21 3 31 45 32 8 35 18 5 
18 10 35 6 19 27 12 44 7 14 16 15 1 29 42 37 21 5 32 8 33 26 43 3 28 9 2 0 24 46 25 17 45 36 11 31 34 41 39 40 13 48 49 30 22 20 47 23 38 4 50 
44 41 9 49 23 46 35 30 33 12 7 22 43 5 24 18 1 34 32 21 19 15 2 36 27 11 31 13 45 37 47 26 0 6 16 14 25 28 29 8 20 39 42 50 48 4 38 3 17 40 10 
20 6 48 16 12 29 35 25 44 4 14 45 36 42 49 23 28 26 8 3 34 5 15 38 24 9 30 22 0 11 39 33 47 27 31 50 41 46 7 17 1 43 37 40 10 13 32 2 19 18 21 
33 22 13 5 19 28 15 2 8 12 31 9 43 11 42 23 48 24 20 27 14 3 7 29 44 4 34 10 26 25 37 49 32 41 0 17 6 38 45 50 18 39 36 47 16 21 40 30 1 46 35 
7 11 33 9 1 25 45 35 32 41 0 23 30 15 46 50 31 6 47 21 12 26 10 38 13 2 20 40 37 49 8 24 3 42 39 44 14 19 27 16 18 43 29 4 17 34 48 28 5 36 22 
