51 22 8 26 28 4 68 24 41 13 63 14 0 47 60 40 72 59 11 46 56 67 17 2 23 58 5 20 36 31 6 75 50 33 57 71 73 12 48 61 29 34 10 69 66 44 49 9 53 15 1 42 18 32 25 52 21 7 27 19 30 65 37 64 70 54 35 74 55 45 38 62 3 43 16 39 
61 69 4 6 74 52 38 17 62 72 58 30 33 48 2 35 5 0 51 57 60 28 55 21 32 27 59 49 36 3 24 63 25 22 29 70 39 43 47 37 68 16 41 46 53 9 73 7 14 11 13 15 75 65 44 31 10 42 50 23 8 18 56 64 71 66 19 67 1 45 26 20 54 40 12 34 
19 64 63 39 24 60 26 27 29 37 42 38 57 41 9 62 32 15 67 0 61 30 59 23 75 72 22 21 73 53 7 65 1 10 35 5 46 33 2 44 31 43 36 3 17 69 70 4 28 40 54 16 14 18 74 56 66 48 47 6 68 55 49 8 11 52 25 45 34 71 50 12 51 20 13 58 
59 0 50 66 47 5 23 55 54 38 8 40 56 2 45 46 20 25 10 33 41 72 9 21 57 37 53 36 7 58 35 73 71 74 64 62 15 39 27 11 19 24 52 29 44 42 18 61 63 3 67 14 30 28 34 32 68 17 69 48 51 31 75 70 16 43 60 6 12 22 4 1 26 65 49 13 
35 66 21 26 8 50 11 46 58 49 51 25 53 4 40 44 28 27 19 57 70 14 37 68 71 0 42 1 13 69 74 54 33 36 73 12 72 24 20 2 48 31 23 62 59 41 64 45 30 7 18 39 10 38 47 61 5 55 75 60 63 32 34 52 22 3 43 16 56 6 15 65 9 29 67 17 
41 42 37 72 8 6 61 49 34 67 7 47 22 19 52 0 53 24 48 38 11 12 13 69 50 3 46 31 66 5 10 71 73 27 23 55 28 58 44 36 20 39 32 29 1 64 17 56 60 35 70 18 43 62 63 16 59 25 2 15 74 9 14 57 30 21 75 4 45 68 54 51 26 40 65 33 
69 19 17 10 3 2 12 34 48 66 14 20 70 46 50 54 21 65 35 75 15 57 38 6 33 28 23 36 11 45 40 9 0 62 61 32 31 39 7 71 44 63 25 18 29 59 67 43 74 4 30 5 27 72 26 55 73 60 64 8 56 58 49 47 1 42 37 68 41 16 53 51 24 22 13 52 
8 3 64 11 60 56 15 17 47 35 38 18 6 59 32 58 14 69 10 22 39 27 2 33 70 50 52 26 36 66 13 5 9 7 44 72 45 25 74 34 49 63 23 51 30 54 42 1 28 55 24 40 71 65 57 48 67 53 21 62 16 46 37 12 19 75 43 73 0 20 61 4 41 68 31 29 
64 4 8 14 53 32 6 59 47 33 12 63 35 66 9 55 37 22 1 36 68 5 45 17 20 56 16 71 51 60 7 46 57 23 28 74 31 65 34 44 40 54 61 29 25 10 11 43 58 21 50 67 15 48 18 70 19 24 30 69 73 49 2 38 27 26 72 62 75 3 42 13 41 39 0 52 
43 60 23 58 38 22 29 52 36 61 25 4 75 59 71 13 32 44 54 63 46 5 2 56 57 17 10 65 12 49 45 28 20 66 41 21 24 53 62 37 16 15 34 50 1 70 19 33 48 18 47 68 11 31 26 74 42 9 6 69 39 51 8 64 14 67 72 3 40 30 0 35 7 27 73 55 
