27 48 40 17 45 16 50 41 1 39 23 33 20 37 49 11 31 38 43 22 9 2 47 51 36 5 8 44 29 24 28 32 15 46 25 14 26 21 12 18 19 0 42 7 30 13 52 34 6 3 4 10 35 
45 23 7 20 1 42 32 18 35 4 19 10 50 40 14 21 33 15 2 24 36 25 27 43 38 3 6 44 46 8 41 48 5 29 11 51 30 13 16 49 28 12 34 17 9 22 37 47 52 26 39 31 0 
49 41 30 48 18 20 39 46 28 40 14 17 24 19 44 23 25 52 36 3 50 2 1 0 6 12 43 15 34 32 16 37 27 35 13 51 29 5 10 21 8 31 33 7 4 47 42 22 11 26 38 9 45 
52 20 49 44 38 29 31 15 25 8 34 47 37 21 50 19 51 3 11 24 41 43 26 0 42 14 17 36 30 13 32 39 7 6 10 16 27 12 5 4 1 9 28 46 2 35 18 48 23 40 22 45 33 
35 20 39 14 3 28 15 45 26 34 47 23 33 24 1 31 22 43 38 10 51 44 8 17 49 2 13 12 25 32 0 4 36 52 9 5 42 11 6 41 29 19 21 30 37 27 18 50 46 48 16 7 40 
26 18 43 23 45 10 6 52 22 3 49 40 41 25 4 36 14 17 12 37 20 13 46 33 5 35 44 0 42 28 16 38 15 24 32 2 30 27 31 9 50 29 1 48 7 19 8 47 21 34 39 51 11 
51 22 7 37 52 48 3 33 27 14 46 29 34 50 11 44 32 13 18 36 21 10 39 42 19 15 24 30 16 17 5 38 6 12 23 49 8 31 25 47 28 1 40 20 45 2 41 9 0 35 43 26 4 
45 24 14 3 39 34 21 22 20 16 0 50 52 47 26 18 38 2 46 8 9 30 48 4 29 33 15 10 40 28 31 17 43 1 36 25 13 51 27 32 41 42 23 49 35 11 19 5 6 12 44 37 7 
22 21 51 39 15 30 46 27 13 43 9 6 14 0 36 3 2 52 8 17 7 28 29 1 10 40 5 42 50 12 24 45 4 47 35 34 38 11 16 23 48 49 20 19 25 41 26 18 33 32 31 44 37 
29 21 20 37 10 18 31 36 35 38 43 30 39 22 12 49 33 34 41 44 0 17 28 48 40 4 6 24 14 32 7 13 3 23 16 46 15 45 5 19 11 42 50 27 51 52 47 8 9 1 2 25 26 
