23 16 11 25 31 19 14 27 24 5 13 32 28 22 6 0 33 30 4 18 3 1 21 10 12 17 26 8 9 20 15 7 2 29 
8 2 5 31 6 16 33 30 11 3 19 9 0 27 4 29 13 14 22 15 12 17 21 23 24 10 20 32 7 25 18 26 28 1 
31 30 5 0 25 9 29 13 7 24 32 6 17 11 33 12 3 2 26 21 18 20 8 23 14 10 19 22 4 27 16 28 15 1 
21 18 17 12 2 9 7 5 19 23 29 6 26 13 10 30 15 22 3 24 20 8 32 25 0 4 11 1 16 28 33 27 31 14 
33 32 1 18 9 25 10 6 15 2 29 3 14 8 12 28 13 5 4 11 26 19 31 17 22 23 21 30 16 20 24 0 7 27 
2 9 28 19 3 20 1 26 32 7 21 11 29 0 22 33 15 13 14 4 16 8 31 17 23 12 27 10 18 5 25 24 6 30 
31 7 17 27 19 28 22 8 6 33 32 2 1 3 20 5 25 13 24 30 4 18 23 9 12 0 16 15 21 11 14 10 26 29 
17 20 3 1 24 7 28 21 5 22 26 31 18 25 30 4 8 32 15 14 33 23 19 0 13 10 16 6 12 11 29 2 27 9 
20 21 30 8 5 7 19 31 10 6 14 29 1 12 16 15 27 3 11 24 13 17 33 23 22 0 28 26 9 4 2 25 18 32 
29 0 7 25 33 11 20 6 19 4 30 27 9 31 18 15 26 12 32 14 23 16 10 22 5 24 28 3 17 2 8 13 21 1 
