31 6 5 30 8 22 17 1 15 34 24 7 14 26 20 0 21 35 33 18 25 10 16 32 23 4 12 27 3 29 11 19 9 13 2 28 
30 17 4 13 18 8 26 25 19 6 12 24 5 2 29 23 21 34 15 27 32 3 16 28 1 33 10 31 14 20 22 11 7 9 35 0 
6 30 15 33 24 18 1 13 4 12 14 26 10 27 11 17 32 0 34 5 2 21 3 25 31 23 28 9 8 20 16 7 22 29 35 19 
5 22 9 26 33 6 16 17 34 31 10 25 12 8 14 2 30 29 19 11 24 23 7 35 32 15 21 0 27 20 1 3 18 13 4 28 
12 32 2 20 16 21 28 3 5 24 22 6 4 7 1 10 26 19 8 23 27 14 30 11 18 13 29 9 31 15 0 34 33 17 25 35 
28 16 22 2 27 25 0 10 20 18 6 35 3 12 14 29 13 8 24 19 9 17 31 23 30 1 5 15 21 33 7 26 11 32 4 34 
2 0 16 11 29 8 21 17 32 1 14 15 22 24 27 31 30 18 3 4 25 13 20 7 12 26 19 23 35 28 9 34 5 33 10 6 
35 28 26 24 17 11 19 23 22 14 3 12 18 21 2 32 31 5 9 7 6 16 0 29 20 10 34 15 8 4 13 25 33 30 27 1 
32 0 29 34 26 18 4 13 15 5 20 3 10 31 27 35 6 23 21 9 17 16 12 7 25 2 19 22 33 11 1 14 8 24 28 30 
18 6 1 19 2 8 9 4 33 5 28 0 24 31 16 14 26 12 7 20 27 11 29 13 25 15 34 3 22 10 32 17 30 23 21 35 
