30 12 8 23 33 39 29 0 32 16 44 37 2 25 1 31 18 20 15 26 27 40 5 10 36 24 9 22 19 4 38 34 35 3 14 28 42 41 6 13 11 17 21 7 43 
14 35 32 39 29 36 5 17 16 4 23 0 40 13 37 41 11 24 8 2 18 33 3 20 21 30 12 1 25 10 38 28 44 34 9 42 7 6 31 43 15 27 26 22 19 
34 42 20 26 5 11 6 1 10 12 32 23 15 29 43 13 9 25 37 35 16 4 22 8 0 41 27 36 14 21 17 7 38 3 24 44 39 33 40 2 31 30 18 19 28 
1 20 35 31 3 43 13 8 6 37 21 26 29 30 38 15 10 2 11 44 41 14 24 33 5 40 9 28 42 19 32 34 17 12 23 7 16 39 4 22 0 18 25 36 27 
44 5 38 32 20 21 31 30 28 34 29 12 39 8 27 14 16 36 13 33 25 6 4 15 42 35 41 11 0 26 7 40 3 19 17 24 9 37 2 23 22 43 10 1 18 
16 44 42 5 13 14 17 0 28 20 15 6 40 35 31 3 43 34 10 36 21 41 32 7 23 2 29 12 25 30 9 22 19 26 33 27 37 24 11 1 38 4 18 39 8 
13 19 35 40 21 20 17 10 27 33 28 9 42 39 0 41 15 38 14 1 43 31 34 37 44 30 29 12 7 26 2 24 8 6 3 23 22 16 18 32 25 36 11 4 5 
9 21 20 23 18 27 32 34 25 13 29 41 26 35 24 0 42 15 30 6 19 3 31 16 44 43 38 17 36 22 4 33 12 10 5 7 40 1 2 39 14 28 11 8 37 
6 23 16 1 27 5 39 28 7 26 33 43 19 2 17 35 41 24 8 13 15 42 21 14 32 38 36 34 29 9 31 25 11 3 30 20 4 22 0 37 40 10 44 12 18 
38 0 36 30 40 44 26 6 1 31 11 28 15 22 16 33 3 20 9 10 21 12 43 18 17 29 39 24 23 19 42 5 37 27 41 34 2 4 7 8 32 13 35 14 25 
