36 17 41 4 13 39 26 18 47 24 30 32 7 0 5 8 40 29 33 10 27 20 34 6 28 25 16 44 43 46 2 31 35 15 3 11 38 9 23 14 22 37 1 45 19 42 21 12 
14 20 12 25 4 1 0 44 46 17 9 11 29 19 45 28 21 39 15 10 36 33 42 13 32 34 30 8 24 7 22 26 23 6 35 43 5 31 16 27 47 18 38 2 37 40 3 41 
9 13 39 30 37 19 44 16 24 18 46 12 4 32 17 40 22 33 26 45 47 43 29 10 11 35 27 3 41 8 1 28 5 38 14 23 31 34 7 42 15 25 6 36 2 21 20 0 
30 6 46 33 41 40 4 15 18 20 9 5 10 25 24 42 17 3 43 2 21 14 45 28 47 29 19 0 11 36 32 1 16 39 34 12 37 8 23 35 44 13 31 26 7 27 22 38 
45 4 27 6 44 18 15 25 10 43 26 35 23 28 38 14 46 20 17 11 29 34 30 41 36 2 13 39 9 21 8 0 42 3 16 31 19 1 7 24 12 22 32 40 47 33 37 5 
40 15 47 7 21 28 27 41 3 38 39 35 6 9 30 18 42 19 5 26 8 0 33 24 31 11 22 36 10 2 25 45 13 4 16 29 1 43 46 23 14 20 17 44 12 32 34 37 
16 34 14 2 11 22 6 46 41 33 29 13 0 10 44 26 40 31 45 19 24 27 36 7 30 38 42 1 5 17 20 32 23 37 43 28 35 39 15 21 3 12 18 47 25 9 4 8 
28 33 36 35 4 44 38 6 5 25 2 24 39 13 40 46 37 31 9 8 30 11 45 16 47 22 17 41 34 29 15 42 21 20 23 26 27 7 10 14 19 43 32 18 3 0 12 1 
1 3 4 18 38 26 11 41 42 45 7 33 10 12 2 39 37 35 21 43 6 44 13 29 20 16 0 19 22 14 34 36 30 31 9 47 15 40 23 32 5 24 28 46 8 17 27 25 
31 14 15 17 5 29 37 24 35 11 26 46 47 40 44 30 19 18 20 23 34 28 16 7 10 32 8 12 13 36 1 38 42 0 25 9 4 43 21 3 22 2 27 45 39 6 41 33 
