31 23 13 3 27 10 20 37 50 9 53 15 2 8 1 21 0 35 51 40 39 11 14 12 29 28 5 17 24 30 33 54 43 19 38 41 7 22 46 34 49 36 16 6 26 25 32 55 48 44 47 52 18 4 45 42 
22 28 52 8 40 16 49 47 39 1 25 4 34 12 35 15 5 36 42 19 30 32 44 46 11 9 48 6 26 20 45 33 24 2 29 0 37 43 10 55 54 3 50 7 53 13 17 51 21 14 23 18 31 27 38 41 
4 26 51 52 32 44 3 53 46 17 19 39 9 7 47 24 22 12 35 2 29 16 45 20 40 25 37 0 43 41 21 31 38 1 55 30 33 5 42 13 10 48 49 28 50 54 23 11 27 36 8 18 15 6 14 34 
1 19 53 47 20 22 26 10 37 17 34 0 41 15 9 54 27 5 32 35 38 18 30 8 2 33 46 13 25 45 50 12 4 3 7 49 55 23 48 28 44 51 40 52 42 43 29 36 39 6 21 11 14 16 24 31 
4 47 1 36 26 29 11 55 40 13 52 24 19 34 7 32 12 37 39 38 50 3 44 45 30 20 42 23 17 0 6 15 43 46 48 54 49 41 18 10 51 14 35 33 9 8 2 21 16 5 25 53 31 28 27 22 
23 6 29 25 10 34 17 50 12 43 49 32 26 51 0 9 55 30 13 19 33 24 4 47 1 20 54 27 28 11 40 5 7 48 3 21 38 18 53 22 14 15 52 35 39 8 36 16 44 42 45 41 37 31 2 46 
13 46 2 7 40 3 45 55 18 28 39 35 49 26 44 23 1 0 47 12 16 42 9 29 15 33 4 31 37 20 38 50 17 8 53 32 24 19 21 54 11 22 5 6 36 41 51 34 52 25 27 43 14 10 30 48 
37 9 51 39 29 30 0 22 43 5 52 40 16 2 33 15 48 35 34 6 38 42 28 53 23 10 14 20 4 49 50 19 41 21 32 1 24 25 47 44 18 11 31 17 55 3 12 8 13 36 45 46 26 54 7 27 
55 10 20 27 14 18 29 0 7 37 17 5 49 22 12 36 35 42 47 40 19 13 52 44 45 26 38 16 8 31 39 43 32 46 9 48 54 15 41 25 11 34 6 2 4 3 21 53 50 33 28 23 30 1 24 51 
6 36 15 0 35 54 4 48 17 16 30 20 26 27 11 25 37 9 44 55 53 7 41 51 46 39 47 24 22 21 40 19 38 23 1 32 12 10 28 18 3 29 34 14 52 13 2 31 8 33 5 42 43 50 49 45 
