0 19 42 11 14 28 39 6 12 61 18 4 53 31 16 13 22 17 10 21 3 44 59 2 43 55 54 60 9 50 33 49 23 32 7 8 37 5 34 30 26 64 56 15 27 24 57 47 40 29 48 35 46 41 45 38 58 1 52 20 25 63 36 51 62 
3 34 58 43 45 26 21 62 16 8 33 29 22 10 0 6 2 4 25 52 36 27 57 38 24 15 44 64 53 20 13 51 42 49 7 23 46 30 40 18 59 54 63 50 9 48 39 11 31 60 37 14 19 41 35 47 55 12 32 56 61 17 1 28 5 
25 60 50 34 47 9 26 16 40 11 59 63 61 53 43 5 39 49 45 27 22 37 51 12 20 54 29 57 21 58 42 3 19 18 36 0 32 17 15 38 31 62 35 6 13 8 23 4 55 2 33 56 48 24 44 1 7 10 28 30 52 14 46 41 64 
11 44 26 13 17 39 60 37 56 61 22 21 54 41 64 45 27 55 46 23 30 48 29 50 42 53 59 63 1 36 5 62 15 7 4 10 16 20 24 57 31 19 6 9 52 33 38 8 0 35 14 43 18 47 58 34 12 3 49 51 25 2 32 28 40 
42 59 56 3 43 33 22 37 47 50 25 62 63 39 0 53 40 14 38 13 20 64 27 61 16 5 46 7 18 26 6 29 1 36 8 49 30 34 12 15 21 60 44 51 35 57 55 58 52 28 41 48 54 2 10 11 19 45 9 17 31 23 24 32 4 
23 15 5 39 0 42 1 61 8 19 25 49 22 46 38 57 41 10 18 50 55 13 59 43 30 20 34 56 36 32 47 27 35 52 28 45 16 17 7 4 54 37 48 58 33 11 60 6 14 51 2 40 3 63 24 21 53 44 9 26 12 62 64 29 31 
48 46 4 0 15 35 14 38 51 10 2 18 34 61 53 27 30 26 21 8 22 13 28 3 60 24 36 12 39 45 49 64 32 41 42 50 59 52 58 9 57 56 11 43 25 23 16 31 40 17 20 6 19 29 54 63 62 33 44 37 1 47 5 7 55 
32 29 44 63 57 46 60 52 40 31 34 9 56 35 16 0 11 14 54 39 2 15 64 47 22 25 59 53 8 62 4 51 37 28 13 61 12 30 43 5 42 38 24 26 45 48 41 20 23 1 3 10 55 33 6 49 27 58 21 18 19 7 36 17 50 
26 50 34 29 56 59 47 54 14 15 55 10 4 39 23 19 35 3 62 16 51 24 30 25 49 44 12 22 38 40 60 36 58 43 52 5 53 28 13 64 6 57 8 20 31 32 46 61 48 11 45 0 7 41 37 2 9 27 42 63 1 21 17 33 18 
22 53 37 40 48 41 12 7 8 6 34 4 50 38 52 42 49 23 16 24 2 27 64 62 45 43 56 44 0 30 13 57 17 58 20 55 60 11 15 32 28 63 39 19 31 47 25 59 5 1 10 36 14 54 35 21 29 51 61 18 3 9 33 26 46 
