41 18 10 3 0 32 40 27 9 15 21 22 11 14 24 34 29 26 6 12 28 30 20 7 19 37 25 1 33 42 17 38 8 2 36 35 23 13 39 5 4 31 16 
19 16 17 1 27 9 22 0 37 12 30 29 21 13 7 20 34 25 26 18 10 31 38 39 23 42 32 14 11 40 33 3 4 41 35 36 15 5 28 2 8 24 6 
1 40 23 3 25 13 4 6 35 7 14 21 27 36 42 12 38 22 41 2 18 19 16 24 33 34 39 0 9 11 17 15 10 26 28 5 20 29 31 32 30 8 37 
24 7 37 28 23 15 21 30 10 4 18 41 29 20 0 19 26 38 27 1 22 2 31 11 34 40 16 3 13 14 25 39 33 6 8 5 42 32 17 36 35 9 12 
13 15 19 3 40 36 31 30 11 21 4 34 12 17 26 20 35 0 18 7 37 6 33 41 23 29 16 38 24 28 32 10 22 39 14 9 25 2 27 8 1 42 5 
16 38 33 8 32 24 15 19 42 35 7 11 21 1 17 10 3 31 2 5 36 23 6 4 39 41 20 30 27 34 26 25 12 18 28 22 37 29 40 13 9 0 14 
24 40 34 37 12 18 39 14 13 2 41 23 32 33 30 9 15 11 36 31 35 22 5 21 28 38 8 6 7 3 25 16 20 42 26 0 1 4 19 10 29 27 17 
4 3 8 17 36 9 13 23 12 5 31 40 26 29 22 6 16 0 7 18 2 24 38 34 42 25 1 15 20 28 21 30 33 14 41 19 11 32 27 35 10 39 37 
16 4 33 2 37 29 26 9 21 25 13 31 22 23 28 38 7 40 17 10 19 6 8 20 30 5 27 3 42 18 1 39 34 0 41 36 15 11 14 35 24 32 12 
20 32 30 7 11 31 10 25 1 28 16 19 40 21 0 12 34 6 9 42 4 33 17 24 15 29 27 26 14 36 13 22 23 39 37 5 41 8 2 38 3 18 35 
