35 38 14 32 10 44 28 45 0 4 29 2 19 41 13 8 5 23 12 42 9 31 30 34 46 26 20 27 47 22 25 36 39 21 24 7 37 3 40 17 18 6 43 16 11 1 33 15 
36 47 41 17 21 32 10 1 13 38 4 14 27 24 26 35 46 12 7 31 9 43 5 33 8 19 16 45 15 3 11 20 29 28 37 39 42 0 40 25 2 34 44 6 23 18 22 30 
17 14 10 5 29 39 25 23 21 33 16 47 8 15 32 30 45 40 4 34 35 13 31 27 41 20 12 6 11 3 43 1 44 36 19 28 0 38 2 7 24 46 9 26 42 37 22 18 
43 20 46 25 40 38 21 2 42 31 6 36 28 19 10 26 34 29 12 47 44 11 30 13 35 22 16 45 24 1 39 14 23 9 15 32 5 8 41 18 37 7 33 27 0 17 3 4 
35 19 36 40 23 7 5 3 30 2 39 11 45 17 42 32 41 15 47 0 20 31 6 24 46 29 18 26 14 43 33 10 37 13 34 22 25 8 12 28 38 9 1 16 4 21 27 44 
0 40 39 35 33 28 26 3 27 25 4 10 32 31 19 45 15 8 47 29 11 18 9 21 44 34 30 23 14 2 6 13 24 1 7 36 17 43 5 41 22 37 20 12 42 16 38 46 
15 40 37 25 46 16 35 41 43 34 7 39 4 3 1 32 14 26 36 24 22 21 13 42 47 28 29 17 45 19 12 20 38 11 33 10 6 27 5 44 0 8 31 2 9 23 30 18 
34 35 2 41 16 11 32 25 17 39 24 22 31 19 10 6 45 4 21 27 14 1 40 30 8 23 36 18 46 26 20 43 37 12 38 0 28 3 42 29 33 7 5 13 15 44 47 9 
20 22 3 30 6 32 47 33 36 23 9 26 4 11 14 8 18 1 45 10 12 40 35 2 21 41 5 0 46 43 42 13 15 16 44 17 39 19 27 28 31 25 37 7 38 24 34 29 
2 32 23 44 6 35 13 22 47 3 7 39 30 5 33 40 8 26 41 19 38 21 29 45 4 28 20 16 9 24 1 36 0 14 27 43 15 34 10 11 46 17 25 18 37 42 31 12 
