41 6 40 1 24 17 36 28 38 9 11 4 5 35 27 39 12 23 18 7 10 13 30 20 33 32 34 0 22 3 16 37 29 14 19 25 8 21 15 2 26 31 
8 24 25 33 20 4 28 27 29 16 18 15 5 13 39 0 22 3 10 7 40 38 26 35 11 34 32 17 12 19 41 36 31 23 1 6 30 9 14 37 21 2 
33 28 29 3 40 2 19 30 36 14 32 38 17 23 26 13 5 37 7 35 27 9 18 24 15 11 25 6 0 16 1 20 21 8 22 10 41 4 31 39 34 12 
21 3 36 26 7 16 4 1 8 32 6 30 10 12 18 37 28 15 13 22 5 25 11 27 35 23 34 14 29 24 41 40 9 38 2 20 17 19 33 0 31 39 
34 31 41 14 17 7 20 23 1 10 24 16 9 35 5 30 33 40 2 22 29 11 3 18 27 26 0 37 32 25 38 4 13 12 15 19 21 6 39 28 36 8 
8 11 20 29 33 21 2 39 35 9 17 31 38 4 0 23 41 40 37 16 32 28 15 19 14 18 10 24 6 27 36 13 34 26 5 12 30 25 3 22 1 7 
25 2 6 37 23 0 30 17 40 7 18 16 22 3 12 38 32 20 14 5 35 26 10 39 29 31 9 28 21 1 24 8 19 36 27 4 41 33 15 11 34 13 
37 3 12 6 8 21 41 33 31 36 23 25 4 26 19 22 16 0 20 27 13 7 24 5 28 29 32 34 9 35 10 1 39 2 17 11 40 14 15 18 30 38 
1 6 34 41 24 14 32 19 30 22 31 0 20 4 3 23 33 11 5 7 27 40 35 36 39 2 12 8 26 17 29 15 18 9 28 13 21 10 38 25 37 16 
17 15 10 19 35 29 24 21 38 6 33 1 7 40 28 20 11 36 4 22 18 13 34 14 2 23 0 26 27 31 16 5 30 32 39 9 12 41 25 8 3 37 
